   3.1594413e-06
   1.0302942e-05
   2.6143920e-05
   5.4993924e-05
   0.00010031100
   0.00016392626
   0.00024584666
   0.00034451851
   0.00045732168
   0.00058108944
   0.00071254090
   0.00084858334
   0.00098648908
    0.0011239772
    0.0012592249
    0.0013908385
    0.0015178029
    0.0016394224
    0.0017552624
    0.0018650950
    0.0019688524
    0.0020665869
    0.0021584378
    0.0022446069
    0.0023253374
    0.0024008975
    0.0024715690
    0.0025376384
    0.0025993901
    0.0026571017
    0.0027112577
    0.0027627081
    0.0028107702
    0.0028556826
    0.0028976689
    0.0029369384
    0.0029736861
    0.0030080931
    0.0030403277
    0.0030705460
    0.0030988918
    0.0028471781
    0.0028771349
    0.0029055503
    0.0029325190
    0.0029583270
    0.0029868490
    0.0030138812
    0.0030395134
    0.0030638292
    0.0030869074
    0.0031088214
    0.0031296401
    0.0031494279
    0.0031682451
    0.0031861479
    0.0032031892
    0.0032194183
    0.0032348815
    0.0032496218
    0.0032636800
    0.0032770939
    0.0032898990
    0.0033021286
    0.0033138141
    0.0033249845
    0.0033356675
    0.0033458889
    0.0033556729
    0.0033650422
    0.0033740183
    0.0033826213
    0.0033908700
    0.0033987824
    0.0034063752
    0.0034136641
    0.0034207733
    0.0034276372
    0.0034342304
    0.0034405662
    0.0034466567
    0.0034525137
    0.0034581480
    0.0034635700
    0.0034687897
    0.0034738161
    0.0034786582
    0.0034833242
    0.0034878220
    0.0034921591
    0.0034963425
    0.0035003790
    0.0035042748
    0.0035080361
    0.0035116687
    0.0035151777
    0.0035185687
    0.0035218462
    0.0035250152
    0.0035280801
    0.0035310450
    0.0035339140
    0.0035366909
    0.0035393794
    0.0035419829
    0.0035445049
    0.0035469576
    0.0035493457
    0.0035516604
    0.0035539044
    0.0035560804
    0.0035581909
    0.0035602384
    0.0035622253
    0.0035641537
    0.0035660257
    0.0035678435
    0.0035696089
    0.0035713239
    0.0035729901
    0.0035746095
    0.0035761835
    0.0035777137
    0.0035792017
    0.0035806489
    0.0035820568
    0.0035834265
    0.0035847595
    0.0035860569
    0.0035873199
    0.0035885496
    0.0035897472
    0.0035909137
    0.0035920500
    0.0035931572
    0.0035942362
    0.0035952876
    0.0035963112
    0.0035973092
    0.0035982825
    0.0035992318
    0.0036001579
    0.0036010614
    0.0036019431
    0.0036028036
    0.0036036435
    0.0036044635
    0.0036052641
    0.0036060460
    0.0036068096
    0.0036075555
    0.0036082841
    0.0036089961
    0.0036096919
    0.0036103719
    0.0036110366
    0.0036116864
    0.0036123217
    0.0036129429
    0.0036135504
    0.0036141446
    0.0036147259
    0.0036152945
    0.0036158509
    0.0036163954
    0.0036169282
    0.0036174496
    0.0036179527
    0.0036184439
    0.0036189248
    0.0036193959
    0.0036198572
    0.0036203092
    0.0036207519
    0.0036211855
    0.0036216103
    0.0036220265
    0.0036224343
    0.0036228337
    0.0036232250
    0.0036236083
    0.0036239837
    0.0036243514
    0.0036247114
    0.0036250639
    0.0036254089
    0.0036257466
    0.0036260769
    0.0036263999
    0.0036267156
    0.0036270241
    0.0036273252
    0.0036276190
    0.0036279055
    0.0036281846
    0.0036284561
    0.0036287200
    0.0036289762
    0.0036292245
    0.0036294647
    0.0036296967
    0.0036299202
    0.0036301350
    0.0036303408
    0.0036305374
    0.0036307244
    0.0036309014
    0.0036310682
    0.0036312243
    0.0036313694
    0.0036315029
    0.0036316244
    0.0036317333
    0.0036318293
    0.0036319116
    0.0036319798
    0.0036320332
    0.0036320712
    0.0036320932
    0.0036320983
    0.0036320860
    0.0036320555
    0.0036320061
    0.0036319368
    0.0036318470
    0.0036317358
    0.0036316024
    0.0036314431
    0.0036312501
    0.0036310316
    0.0036307867
    0.0036305143
    0.0036302134
    0.0036298829
    0.0036295219
    0.0036291292
    0.0036287038
    0.0036282445
    0.0036277503
    0.0036272201
    0.0036266526
    0.0036260469
    0.0036254018
    0.0036247161
    0.0036239888
    0.0036232186
    0.0036224045
    0.0036215453
    0.0036206398
    0.0036196871
    0.0036186859
    0.0036176352
    0.0036165338
    0.0036153808
    0.0036141749
    0.0036129151
    0.0036116005
    0.0036102299
    0.0036088023
    0.0036073168
    0.0036057724
    0.0036041681
    0.0036025029
    0.0036007761
    0.0035989866
    0.0035971335
    0.0035952162
    0.0035932336
    0.0035911851
    0.0035890700
    0.0035868871
    0.0035846363
    0.0035823165
    0.0035799273
    0.0035774679
    0.0035749377
    0.0035723362
    0.0035696630
    0.0035669172
    0.0035640987
    0.0035612068
    0.0035582415
    0.0035552019
    0.0035520878
    0.0035488990
    0.0035456352
    0.0035422963
    0.0035388816
    0.0035353631
    0.0035317497
    0.0035280589
    0.0035242904
    0.0035204442
    0.0035165199
    0.0035125174
    0.0035084374
    0.0035042794
    0.0035000435
    0.0034957303
    0.0034913389
    0.0034868704
    0.0034823250
    0.0034777023
    0.0034730026
    0.0034682266
    0.0034633745
    0.0034584465
    0.0034534429
    0.0034483643
    0.0034432110
    0.0034379831
    0.0034326814
    0.0034273062
    0.0034218585
    0.0034163379
    0.0034107457
    0.0034050820
    0.0033993474
    0.0033935427
    0.0033876685
    0.0033817257
    0.0033757140
    0.0033696351
    0.0033634889
    0.0033572766
    0.0033509985
    0.0033446560
    0.0033382489
    0.0033317785
    0.0033252458
    0.0033186510
    0.0033119951
    0.0033052790
    0.0032985029
    0.0032916685
    0.0032847765
    0.0032778269
    0.0032708217
    0.0032637607
    0.0032566454
    0.0032494762
    0.0032422541
    0.0032349807
    0.0032276551
    0.0032202802
    0.0032128556
    0.0032053824
    0.0031978622
    0.0031902948
    0.0031826817
    0.0031750240
    0.0031673221
    0.0031595768
    0.0031517893
    0.0031439605
    0.0031360907
    0.0031281823
    0.0031202343
    0.0031122491
    0.0031042269
    0.0030961687
    0.0030880748
    0.0030799469
    0.0030717854
    0.0030635918
    0.0030553664
    0.0030471096
    0.0030388237
    0.0030305082
    0.0030221648
    0.0030137937
    0.0030053959
    0.0029969724
    0.0029885240
    0.0029800518
    0.0029715565
    0.0029630385
    0.0029544985
    0.0029459384
    0.0029373573
    0.0029287579
    0.0029201394
    0.0029115035
    0.0029028510
    0.0028941821
    0.0028854975
    0.0028767982
    0.0028680858
    0.0028593595
    0.0028506210
    0.0028418702
    0.0028331096
    0.0028243376
    0.0028155566
    0.0028067658
    0.0027979675
    0.0027891617
    0.0027803484
    0.0027715291
    0.0027627047
    0.0027538749
    0.0027450406
    0.0027362023
    0.0027273618
    0.0027185180
    0.0027096725
    0.0027008259
    0.0026919781
    0.0026831306
    0.0026742842
    0.0026654375
    0.0026565932
    0.0026477509
    0.0026389104
    0.0026300741
    0.0026212408
    0.0026124121
    0.0026035875
    0.0025947687
    0.0025859553
    0.0025771479
    0.0025683479
    0.0025595541
    0.0025507679
    0.0025419908
    0.0025332207
    0.0025244607
    0.0025157095
    0.0025069677
    0.0024982357
    0.0024895150
    0.0024808052
    0.0024721067
    0.0024634199
    0.0024547455
    0.0024460827
    0.0024374332
    0.0024287972
    0.0024201744
    0.0024115683
    0.0024029944
    0.0023944358
    0.0023858929
    0.0023773643
    0.0023688512
    0.0023603540
    0.0023518731
    0.0023434079
    0.0023349598
    0.0023265281
    0.0023181142
    0.0023097174
    0.0023013390
    0.0022929784
    0.0022846350
    0.0022763109
    0.0022680057
    0.0022597195
    0.0022514517
    0.0022432035
    0.0022349753
    0.0022267664
    0.0022185779
    0.0022104093
    0.0022022608
    0.0021941336
    0.0021860269
    0.0021779402
    0.0021698755
    0.0021618322
    0.0021538104
    0.0021458094
    0.0021378305
    0.0021298738
    0.0021219387
    0.0021140271
    0.0021061364
    0.0020982680
    0.0020904227
    0.0020826000
    0.0020747999
    0.0020670237
    0.0020592696
    0.0020515396
    0.0020438320
    0.0020361480
    0.0020284868
    0.0020208504
    0.0020132362
    0.0020056470
    0.0019980812
    0.0019905389
    0.0019830212
    0.0019755272
    0.0019680572
    0.0019606113
    0.0019531904
    0.0019457928
    0.0019384197
    0.0019310719
    0.0019237479
    0.0019164486
    0.0019091731
    0.0019019235
    0.0018946971
    0.0018874966
    0.0018803205
    0.0018731687
    0.0018660422
    0.0018589403
    0.0018518630
    0.0018448103
